% CP-M8 , CP-M10, CP-M12, CP-M15
% Segment lengths x T_90
function [dat] = cp_m_pulse_data

dat=[1 0.2945 1.2044 0.1982 0.2259
2 0.5915 0.6404 0.8469 0.6202
3 0.5814 0.5480 0.5325 0.3048
4 0.2722 1.1223 0.7463 0.1140
5 0.2980 0.5868 2.5463 0.3509
6 0.6183 0.1334 0.8385 0.6763
7 0.6831 0.1350 0.1057 0.9944
8 0.4971 1.7244 1.6332 0.4963
9 0.4719 0.4776 0.6621 0.6144
10 0.5886 0.2870 0.9377 0.2257
11 0.9274 0.8777 0 0.1464 
12 0.7209 0.1003 0 1.2795
13 1.1535 0.5462 0 0.3457
14 0.4192 0.5475 0 0.5091
15 1.7249 0.2827 0 1.6656
16 0.1345 0.2332 0 0.5545
17 0.6141 1.1304 0 0.4395
18 0.1013 0.7531 0 1.2264
19 0.8818 0.9510 0 0.6722
20 0.7655 0.1562 0 0.9251];